5
15
3117
2247
1438
7813
334
4626
103
2389
5431
6
44
21
1639
169
0
89
78
2508
2994
809
1
1
6
21
24
14
192
30
42
14
934
11
834
21
23
2526
12
83030
324
7291
7455
374
31
16766
992
9595
3096
698
4
15
144
69
3940
29490
141
12
74
13
1416
4737
274
0
267
2
4806
1096
12108
13912
5
16
3
598
57
2014
268
7
4
0
2
0
3
5
2
0
24
75
2
0
6
0
4
1
0
0
89
342
5
3
1
945
11
3552
28
17
1
1
91
10
742
0
24
1086
19
589
468
0
0
6
188
175
5
7
6838
95
0
0
1
4
10
6
12
29
204
0
171
1
22
1400
2059
0
15
2
58
0
27
2520
8
901
171
87
12
6
32
2
1
0
55
0
7
158
0
5
0
0
0
0
335
1
6937
156
53
0
0
1
3
4
0
180
1
12
1
2
95
2
0
38
38
5
5140
0
2
96
44
201
137
14
198
4
8
156
637
8
107
2
91
0
0
4
0
0
0
0
0
0
3
1304
191
101
334
0
0
7
23
382
0
75
33
3
5
4110
41
44
93
1429
31
69
715
16
1
0
156
377
4
6
0
2181
1276
2176
1
857
2
15503
6
9
72
2
331
1
98
97
0
232
1992
743
13
0
1
2782
11
5
41
12
3
8
454
1
75
3
32
68
1
15
66
36
10
2
38
2832
73
41
2
24
28
1164
29
64
8
48
0
0
0
8
0
0
97
0
0
0
0
21
3
0
8
0
0
3
10
85
63
4
1
936
0
0
0
0
4
0
94
2
0
52
8
0
5
0
5
172
4
4
12
174
2114
11
115
0
0
2
4
0
26
6
29
20
0
0
0
1
1
360
43
4
0
124
798
7004
8
11
14
179
1
0
0
22
2114
0
2
39
153
539
3
1
1014
4
0
0
0
0
0
0
0
36
0
10
0
1
0
2
5
0
0
834
0
16
1
5
0
50
0
22
1
1
1
40
0
2
107
20
0
116
8
0
284
200
7
1
0
9
62
7
9
0
47
10
1
0
0
4274
0
2
1
15
34
6
10
898
117
0
196
145
10
0
2281
117
0
0
0
251
1
64
2
5
19
10
0
81
0
1
619
8
43
26
113
373
18
300
0
220
70
17
34
15
142
1
11
0
6
0
166
0
16
0
2
2
0
0
0
2
6
0
0
1
5
194
12
2
0
0
164
0
92
1
5
38
90
5
13
2
10
7
2
6
4
262
272
102
5
68
39
10
0
17
1369
2
3
3
1579
338
6
106
678
85
15
0
1
1
0
0
0
0
1
1
0
1
1
0
3
1
1
150
2
2
4
4
90756
94
713
295
0
2
29
12
15
705
474
151
1
3
4
21
34
0
83
3
1
99
112
8
54
2
29
1872
4040
67
22
1
62
898
22
664
14725
1
0
0
1851
461
3507
16
1994
5
39
0
80
5
0
9
47
42
7
759
64
7
35
9309
620
3
3200
24
13
64
8
90
508
0
14
564
503
40
8
38
8
152
7975
5
1
92
2
3
26
3
6
22
80
37
2
0
0
96
9
11
0
539
172
29
0
77
7
1003
53
52
1
18
9
160
7
104
1417
44
1
0
4
19
874
302
59
8887
5948
15554
1550
53
69309
131
371
183
4
0
2
18
35621
11
12
25
3
0
136
180
51
1409
8
7151
123
2337
195
32
1
1
45
47
0
30
16848
8
551
1
658
20
19
142
82
71
4125
55
16136
45
605
131
40
111
87
0
418
29
6
670
1010
1004
266
15
285
4888
2055
1999
1080
0
1
36
803
3011
48088
47635
53
26
3159
3
2667
31
11
3
69
0
16
0
8
30
0
8
0
15
138
9
7
16
23
18
26
9
37
1
0
0
1
0
559
3
53
5
2
1
0
15
4831
3
14
17
5
5
43
5
5
172
165
0
50
514
12
0
7
38
1003
88
158
23
2
42
23150
78
72
17
4
649
1093
12
49
21
300
252
9
1
19
16
633
431
1
672
45770
6
68
7993
1184
394
18781
695
0
105
28
278
270
1
9
0
0
0
0
0
578
0
10
0
0
3
0
0
0
0
0
1
137
0
265
2
0
986
4
29
72
15
245
50
0
7
20
1
32
0
0
45
0
6
16
7
147
0
211
110
0
1
53
28
0
603
55
41
26
1756
49
3
32
0
2
14
23
6
144
2
0
1
0
0
44
0
0
0
0
0
125
0
96
0
0
0
0
0
1
493
0
2
2
80
0
0
0
15
15
192
13
0
156
12
0
786
514
10
0
52
0
3
0
0
5
2
117
0
2
0
157
0
0
6
378
4
9
12
22
0
0
0
1
1
1
1
0
13
16
0
6
2
1
2
0
0
14
0
5
2
55
0
0
141
3
19
25
0
870
2894
0
2
57
4
8
144
7
8
0
165
881
2
0
8
0
0
229
2
34
38
4
0
1
635
1
0
1
5
0
179
24
3
0
5
9
2
217
2
6
3
11844
69
239
23
40
39
68
0
87
391
5
51
11
17
123
867
12
11
8
1036
30
83
1566
4
75
110
1705
52
1423
1766
5020
17
4979
177
79
16343
39
99124
5
55
13
13157
7544
0
1
2348
42
4554
319
119
97
17
312
0
3100
329
78
3389
3462
28543
2
45
3
13338
2535
1283
191
145
8
0
0
5
16
0
0
0
0
9
0
0
324
0
1
0
12
0
0
0
0
0
0
0
29
3
1
0
183
13695
4852
15197
23
2224
5
167
1268
0
0
1
12
15
3
9
11
4
8
1987
295
0
0
6
5
56
1
37
28
88
26646
6
11
1188
134
76
69
40
163
0
2401
703
85
73
2519
86
277
196
4
3
86
490
2537
16
15
0
4
1
22
11
190
159
352
14
6
0
0
1179
0
469
432
41
0
0
0
0
0
11
4
55
0
0
8
0
13
4
2
3
62
28
1
0
73
0
0
8
6
0
3
1095
78
36
0
610
0
17
1
37
0
2
1
0
65
0
161
69
8
4125
1
34
13
119
43
1
21
505
10
101
0
0
98
477
22
0
9
420
0
36
0
0
0
1
2
3
4
5
1
0
3
200
0
56
3
7
11
308
0
90
12
0
0
2
28
3
1
4
500
0
0
2
0
37
18
37
57
0
4238
7
49
0
21
8
2
0
1
42
154
17
1
7
310
3
67
4
6831
7
1
519
13
64
1276
72
0
0
0
6
3
5087
15
25
89
1528
3
97
131
2
8
16
6
0
700
5
16
1107
112
0
9
1
125
0
22
95
1
62
115
9
44
2
5
15
0
0
0
6
0
1
0
382
0
0
1
9
29
11
4
29
1
4
10
0
1
0
29
1
154
4
0
26
2
1
41
0
0
0
0
18
7
18
278
10992
6
302
2
5
2
925
0
3
1
167
664
0
1
245
343
4919
10
0
5
32
36
1074
2
122
8
0
7
7
4
252
0
25
0
0
2
16
0
0
9
223
0
14
13
4
17877
0
3998
18
35
41
0
0
7596
0
4
62
38
1
0
0
0
4
16
0
0
0
3628
0
1
0
6171
0
8
1
3
7237
1
0
2
0
381
0
0
1
347
7
10196
2
7
1
0
0
1
1
2
1
3
0
0
0
1
0
25
4
1
0
10
402
410
0
0
3
0
14
78
6
1
1
21
3443
1
1
15
17
449
17
0
1
4
0
2
7793
111
2
37056
0
133
457
4402
61
27
0
0
70
24
22
45
480
1796
2812
449
35
51
3
4
121
0
16
26
2
12
29
1484
7
895
307
215
827
106
10
600
19830
1757
556
94
13
2
2428
20213
31
364
57
6
6
1040
4334
42
9
40
86
1615
245
4396
6994
29
3
56
9
4361
5
7365
125
5
72586
360
13
2
470
3414
5114
34
171
26
5
0
48
23
725
145
1
91
22
172
366
14
1104
3344
1176
0
54
1
55
25
263
25
201
5
28
3223
5991
779
3
5
6
3
20921
1720
32
779
571
1641
331
1083
10
7407
5414
3110
9
106
1956
29
431
102835
198
141
13
85
6
2640
3475
206
2
23
390
468
7
0
12
6224
129
3957
8453
164
17
1860
3
2
3
208
5
1
0
5
2
1
15
0
1
0
1
0
13
1
777
19
2
41
29
1
0
0
0
0
0
0
5
422
151
0
7
3
1045
3
0
589
2
52
117
12
2
3
5
11
34
12
5
1
2
7
1
9
7
82
0
7
24
515
0
2
42
1
39
175
0
14
2
4
7
842
28
63
36
4
23
12
24
0
0
9
70
2
1
473
7
11
2
29
154
8
273
0
0
73
76
10
18
63
2802
18
36
4
8
3
0
0
1
117
0
2
584
47
4
0
9
28
28
997
8
63
28
107
1040
57
56
19
4
19
12
19
280
0
2
3
93
49
24
176
122
239
31
3
505
544
2
16
0
13
505
0
6
0
124
147
2
5
39
0
4
38
34
2
0
346
49
109
0
19
4
2
0
88
1
1
2
310
3
2
70
256
0
0
147
5
31
10
0
7
744
6
151
0
6
2
15
21
0
0
0
143
0
21
5
10
96
3
1
0
31
389
0
26
13
1649
379
1
12
141
60
623
79
4134
14
9
2
10
2
561
96
2
3
8
1
11
58
1
2982
2
0
32
193
1
71
1
0
20
0
3
0
17
0
83
7
39
1
1
1
162
2826
11528
1
124
0
11
36
5
0
10
0
0
0
73
87
0
22
140
34
0
0
14
38
14
40
31
170
200
1
34
2
213
4
12
26
75
582
18
5
17
129
150
0
1
11
240
12
14
17
9
649
2
488
1117
1
0
61
0
14
879
1
9
1182
8
2138
0
15
2
49
973
21
2
0
8
0
1
2
15
13
42
39
213
3143
0
29
108
0
0
8
1
3
6
523
38
951
15
0
25
10550
20513
17
16
6
8
53
1706
19
12
1
3
3282
14035
5
0
1
1
618
35
5082
5
1
101
0
0
0
0
0
0
1
22
0
0
0
0
0
1
1
113
0
1
0
0
0
123
0
0
0
0
0
0
17
3
4
0
0
0
0
131
1
2
6
94
245
150
1
77
1
0
2
3
18
28
18
0
98
14
1
0
51
261
25
51
4
142
3
0
37
262
3
0
102
11
23
0
1211
0
0
0
9
1
0
0
2
0
20
224
0
2
663
0
12
5
22
32
4
234
0
23
69
0
22
0
0
0
333
0
2
24
0
8
1
10
5154
0
0
7
7841
3
11
282
5
0
0
0
0
7
2
20
6
1
354
0
0
47
2
0
0
6
125
153
61
14
0
7
1211
1
0
1
0
0
5
4
0
9
0
0
0
2233
1
1
40
0
3
212
12
102
6
3
0
0
1
4669
3
15072
21
0
200
98
118
168656
157
290
0
20858
1919
12
288
22
3
3
76
814
16
209
217
44
25
794
864
28
0
0
3
3
12
0
391
0
0
4
16
0
2
212
0
9
73
54
2
0
1
0
0
0
0
1
0
0
0
4
0
5
2438
11
1
2
8
72
6
144
6
1
6396
13
1
12
0
332
0
1
492
5
4
238
23
0
1
3
2
1
6
7
43
0
0
0
53
0
28
0
0
0
188
0
2
4
246
246
186
0
0
1
2
0
381
1643
0
289
1
2
3
0
9
0
0
0
36
0
9
95
0
2
176
1
2
31
1336
7
0
14
296
2
0
0
7
3
3
9
0
1
85
173
5
1
5
25
60
2
18
5
0
1
1434
716
36
10
0
159
1
1583
0
1469
20
1
37
7
372
25
5
0
2
7
19
6070
94
0
0
0
0
0
188
55
162
231
43
0
511
1
4
0
0
15
6
0
1
127
0
8
10
0
12
12
1
0
0
6708
15
0
2
8
127
8
135
1
1
3
26
11
864
49
29
264
1
0
1
17
7
0
0
1
19
1
3
35
4945
23
222
58
127
299
0
4
2
0
22
17
15
470
107
255
777
28
8
0
1
0
1527
1522
8
1
4
4
338
462
31
248
26
8969
1353
43
1
317
2
1
43
3318
27
8
0
80
13255
226
5
0
1
4
370
18
18
4043
0
34
12
42
0
0
0
0
44
1711
6
5
0
2
0
2
3
11
1
6
113
0
13
53
0
3
22
31
0
1863
12
2
0
10
14
215
379
0
1
6
0
2
0
0
0
3
0
241
0
4
45
1
406
71
0
0
0
0
1
51
0
96
2
0
0
0
0
0
587
0
1
1
28
0
9
6
0
6
0
13
189
488
103
33
11
0
0
0
0
0
14
0
30
1
0
0
0
47
0
0
6
488
56
1272
41
1
4
0
0
56
1
5
30
27
0
66
480
32
7
0
40
131
3
657
154
488
78
153
630
0
169
386
1
262
0
8
862
236
9
30
434
56
12
0
0
11
0
0
1040
1
0
0
1
0
2
4
0
0
0
24
0
270
20
0
106
23
0
1
0
4
1
0
7
873
0
1
1
48
19
1
0
9105
59
0
7
952
14
14
5
1
1
9
2396
0
3
0
784
229
9
18
222
207
17
75
70
133
266
4
256
31
10
5
14
1712
18392
556
17
366
0
2
561
4612
422
29
0
5
435
2347
0
0
0
7119
1377
1320
207
51
1
3312
645
1194
1287
3
3802
21760
4
215
2
0
24
24
13
9
6
6
4
2
76
186
9
66
2729
390
26
3
2
2
1
2203
48
4
88
11
0
1
0
5
25
821
20
3088
13
22
21
1
51
0
220
0
816
130
3
10
185
1845
49
3
0
1
23
239
3955
63
64
0
256
230
247
37
0
1
7
5
0
3
0
37
3
284
0
93
104
152
145
2964
27
6035
428
6739
1092
522
5
1
5
42
11
26
0
11
4
3
1954
616
80
5
9
181
6
32
8
7
7
0
0
907
8
1572
1
15688
1
2970
1106
98
510
217
242
29
317
985
9427
0
6244
25
16
35575
2
103
4
374
3
6
2
24
8
2
138
1541
741
16
55
0
16
0
36
330
2
328
119
19
2
227
6
494
35
0
0
4
0
1
15
0
0
0
363
2
0
707
0
5
0
24
3
12
318
1
658
1
6
54
39
0
0
29
0
5
0
51
49
27
54
2
1865
1
7
1
5
0
16
38
1
0
0
12
5
12
5
4
1
10
108
4
611
5
0
5
165
1
11
200
0
15
1
23
0
0
101
41
2
0
157
3
0
80
2
2
0
1
23
176
459
5282
586
953
1
556
3
0
16
37
0
1
77
7
12
1
0
0
10
242
11
95
0
0
0
3
3
91
0
49
52
55
250
9564
19
0
2208
147
1
2
1720
34
13
1
144
269
25571
6791
116
31999
1452
4454
549
3
4743
6151
45
15
0
98
16
0
114
5
64
10
1
767
125
5181
945
40
1
8
1598
85
1808
64
0
14
0
74
592
20
39043
1005
2579
5
641
1412
953
377
105
26969
4
981
629
24279
21903
48
10040
8
480
1837
4828
32
50
202
1151
5435
214
33
1
26
5
1763
24
21
143
2
0
41
220
218
5
2274
4
1253
32
15
19
0
9
1
720
541
45
8
0
115
0
0
1021
0
0
279
83
9
12
3583
10996
3
20
1
113
433
38
15
4
1184
581
3
0
3152
2766
191
7
57
0
1
0
0
0
0
31
0
0
10
0
28
7
0
0
0
10
2
0
25
0
64
0
0
0
0
2
0
590
3
4
15
0
0
0
0
0
0
0
12
0
0
0
10
0
2
2
0
15
0
146
40
0
7
0
3348
285
8429
9870
5
4
4
35
37
37
7
9744
20765
603
72
669
13850
13835
4
25
282
82
78
225
5251
5631
1069
223
2517
2484
301405
75
136
119
4069
3137
0
35
10237
3
10953
22
22
441
291
435
11
29
12
1
11
0
4
3
22
20
22
8
1
105
5
12
1
29
11
24
1481
0
57
3
22
46
30
24
35
684
0
63
305
82
91
2187
1
4
0
0
0
0
29
0
529
88
4
87
5
827
15
0
554
1
731
266
29
0
7
651
401
28
4
31
2
141
2
4
3
37
17
251
11
28
0
30
46
7
10
11
4
1585
0
9
0
17
5
11
3
116
1
0
8
65
15
0
26
131
2
316
10
27
4
7
1
1
0
0
0
0
22
13
4
24
6
2
17
1
23
67
0
265
69
16
32
29
0
1
1
3
22
1
4
11
82
0
2
7
3
263
0
20
7
76
1
727
340
1
6
65
14
19
2
1
690
9
142
0
1
42
29
52
183
2
32
0
1634
1
0
22
45
167
5941
12749
24
1
7
1
24
9770
37
133
5489
4669
3
42
858
1280
619
6
10
0
142
194
0
7
2
0
0
2
1
0
0
0
11
9
1
9
89
1
1
1
1
564
1
4
1
85
16
3
45
232
1855
2
1
29
568
107
326
1
1
0
2705
2471
91
7
6
1758
0
77
23
0
60
40
3
11
847
43
38
24
73
0
2258
52
2
15
0
1
19
1
25
5
0
0
4
170
0
2
196
11
11
11
1279
1279
6
40
34
143
244
13
2096
1
0
177
246
65
76
3
15
0
0
121
0
23
21
2051
170
252
388
131
131
32
168
58
8
4
0
38
7
241
6
10
11
54
71
48
317
0
107
116
47
0
31
1873
6835
0
0
271
31
41
51
16
1501
21
15
29
327
2
6
8
5
11
0
2049
7
5
0
0
533
0
6
46
73
35
372
150
6
42
166
1
0
1
1183
106
86
9321
5
76
3
0
1970
4917
0
12
2
1
117
27
34
807
238
82
2
1489
6199
84
45
0
461
18
1813
2125
5
48
13509
4040
0
0
0
109
1
11
109
0
2
0
10
55
0
0
0
646
7
788
6
5
552
0
33
37
2
86
1046
0
496
0
10
30225
32013
65
53
16628
92
0
114
61
8558
165
7
0
0
2839
2030
243
10
596
1
184
89
10
30
14
24
82
28
3
193
182
10
0
5
85
71
6159
6159
0
238
589
0
13
36
4
46
24
2
127
1
0
0
0
1
1
76
10
0
0
0
0
0
0
71
0
0
1
42
1
31
106
0
5
0
7
2
57
0
1
1
12
1722
25
16
20
32
0
507
15429
24
7
4235
924
0
0
15
20
1116
0
1
0
0
0
200
6
5
8
19
7
19
92
0
0
4
1
0
0
0
0
3
1
0
0
0
4
0
0
0
0
1
1
0
3
3
0
0
0
7
0
0
0
75
0
6
1
0
0
5
944
1
6
0
0
0
1
1
0
0
0
2
1
7
0
8
4
88
0
0
1
0
0
2
0
4
4
0
7
24
34
0
5
0
0
0
3
0
1
1
0
1
0
0
4
6
0
0
6
0
16
0
1
544
5435
4896
8
159
178
146
0
18916
6
0
2
6
0
2
209
6
0
0
11
0
2
1
1
0
459
673
6
8
9
4
5
7
1
12
123
9
1
9
22
439
8
4
0
7
4
6
6
16
0
3
11
2
15
53
161
0
0
4
0
12
5
71
0
2
2
0
76
0
0
0
0
0
1
1
1
1
9
0
0
3
0
0
0
0
0
1
28
8
0
0
0
0
0
2
3
0
1
1
1
33
28
98
0
0
1
37
11
77
35
7
2
16
16821
11
0
0
0
0
3
28
2
1
28
1
8
3
76
0
2
0
0
26
0
0
1
0
0
0
0
0
0
5
1
0
0
6
2
0
0
0
0
0
0
0
1
1
0
53
1
0
12
35
0
3
6
1
114
0
3
0
7
0
0
3
2
1
5
0
10
0
0
0
1
43
0
7
0
2027
0
143
2
0
1
7
0
0
0
0
1
1
0
1
0
0
14
1
15
0
0
0
3
0
1
0
0
5
606
6
61
44
32
4
0
4
0
50
33
320
29
14
17
7
5
0
5
0
13
0
0
0
0
2
0
490
17
4
1
0
0
1
0
0
5
0
43
1
3
0
0
10
0
3
0
9
0
3
1
57
0
0
10
5
7
0
12
0
3
0
117
0
4
0
1
5
1
1
3
22
1
0
1
0
24
1
1
262
0
4
0
9
1
2
0
8
0
2
0
0
0
0
0
0
11
5
2
4
4
2
2
2
0
0
4
6
0
1
0
1
3
0
0
0
1
0
0
0
0
0
102
1
0
16
0
1
0
22
50
23
165
2
0
0
6
5
4
0
0
1
0
6
0
9
0
3
0
0
0
6
2
0
0
2
8
4
1
0
3
38
2
5
0
0
0
0
4
1
0
1
5
2
0
7
0
63
0
0
0
0
21
27
46
0
0
7
1
1
1
77
9
66
3
0
0
0
0
1
0
3
2
3
0
0
2
4
0
0
1
0
0
3
8
0
780
20
0
9
7
4
7
10
79
3
0
0
0
0
0
0
3
6
3
22
0
0
3
0
116
0
0
0
5
8
0
2
12
3
43
39
51
2
0
7
2
0
23
18
1
0
3
0
3
0
67
0
7509
7509
0
0
1
1
0
2
1
3
0
1
0
1
0
0
176
1
0
0
0
0
0
7
42
77
25
1
8
0
49
8
4
5
0
0
296
0
7
0
0
0
0
0
1
0
0
1
1
34
0
29
90
498
32
37
5
0
0
4
0
3
0
2
4
1
3
0
11
17
11
1
0
1
0
3
26
1
0
0
2
1
0
2
1
0
0
0
0
0
1
18
0
0
0
0
0
4
3
4
10
1
51
0
11
0
3
0
11
0
0
0
0
0
0
1
0
0
0
2
3
0
1
6
13
1
1
0
1
3
3
3
14
2
1
1
1
0
1
3
4
0
0
8
0
0
6
0
4
2
1
18
0
4
2
0
10
3
7
163
0
0
0
20
0
4
4
1628
64
272
0
0
3
23
0
12
9
0
0
8
0
0
1
1377
1377
0
151
2
27
0
1
0
13
5
1
2
0
0
0
1
0
0
2
1
1
0
0
0
0
0
0
0
0
1
1
4
0
101
99
1
9
0
0
1
9
3
1
0
0
0
0
0
0
4
0
0
0
0
0
0
155
0
0
0
1
1
0
0
225
0
0
1355
1345
526
0
5
0
0
3
18
8
0
4
0
62
181
5
5
6
7
11
1273
1267
168
153
114
46
1
1175
1
1
0
15
5
5
0
5
2
13
12
965
965
965
658
0
1
7
4
2
0
0
0
0
2
1
1
0
0
1
0
5
6
0
0
0
0
0
0
0
1
0
0
0
0
0
0
1
0
0
10
3
0
1
11
42811
0
1249
774
0
0
1
7
0
0
0
0
0
0
1
0
0
65
1
78
8
1
0
0
0
0
0
0
0
0
0
4
27
0
13
2
0
10
0
6
8
1
0
3
1
0
0
0
0
6
0
8
0
0
83
4
0
0
0
0
0
0
3
0
0
7
3
0
4
0
0
0
7
6
0
6
0
16
0
2
0
0
0
0
0
0
1
0
0
0
0
0
0
1
2
2
0
0
232
18
5
5
1
1
1
0
0
0
0
1
0
1
3
2
0
0
33
1
1
1
3
3
0
0
0
5
0
0
0
0
0
5
52
0
0
0
3
0
83
0
0
0
0
7
5
4
4
3
0
0
2
1
1
6
0
42
20
0
0
1
0
0
1
0
0
0
0
0
0
0
0
15
0
0
35
0
0
0
0
0
3
0
5
0
0
20
2
0
0
0
0
0
39
0
0
1
0
5
14
0
0
0
0
2
0
0
0
9
3581
27
72
31
0
1
0
0
6699
1197
4
0
4
1
14
18
0
2
2
0
0
0
0
1
0
0
17
0
2
2
269
0
150
11
0
3
0
0
3
1
0
0
2587
86
26
17
1
0
3
0
31
2
0
1
1
1
2
6
0
1
0
1
0
0
0
3
0
0
11
0
17
1
0
4
0
0
0
2
0
0
0
0
2
0
7
0
0
1
0
0
0
2
0
7
0
5
1
1
650
9
0
0
674
0
207
0
369
3
1
0
0
0
24
0
152
11
2
1
0
0
2
0
76
1
1
0
0
0
0
8
1
2
2
42
12456
12291
1
0
0
0
0
0
15
0
1
39
0
0
0
99
0
0
0
1
2
1
0
10
1
6
1
1
0
1
4
0
0
0
10
0
0
8
1
2
0
151
0
0
35
0
1
0
193
0
3
0
0
14
0
3
3
104
2
0
8
1
9
0
0
1
0
0
0
1
2
0
1
0
18
0
3
421
416
44
6
175
171
1042
1031
11
0
21
3
0
0
42
2
9
1
1
5
8
1
65
34
27
0
2
2
0
0
1
0
0
17
0
3
1
2
0
0
0
0
0
0
0
11
8
8
0
3
30
0
0
1
0
0
0
0
0
0
0
0
2
0
0
0
0
422
4
2
2
4
0
20
5
685
2
7
2
10
25
234
7
0
0
0
0
1
0
0
2
1
0
0
2
3
4
3
0
0
1
7
0
0
0
2
0
57
0
1
0
0
1
231
0
0
0
0
3
18
0
0
0
2
1
0
0
0
1
0
0
8
1
0
1
0
0
1
1
11
0
0
3
1
36
0
15
9
0
0
0
1
10
0
0
9
0
0
8
0
12
2
0
0
5
3
6
15
15
1
0
0
0
0
36
0
7
1
0
2
1
3
11
0
21
0
0
33
0
9
5
1
73
3
0
5
0
0
0
7
0
667
0
1
628
111
0
0
229
70
0
0
0
5
0
0
26
4
1298
1
5
1
0
0
0
0
0
0
0
0
0
0
74
1
0
0
2
0
15
0
0
6
28
13
0
5
5
15
0
2
0
3
993
20
1
3
1
43
0
0
1
0
9
28
1
18
0
0
0
130
0
7
1
0
94
12
5
0
0
0
23
0
4
16
0
9
1
0
0
2
0
99
0
0
0
0
4
1
266
239
239
5
5
1
1
8
0
0
5
5
0
0
0
570
0
9
0
6
1
193
429
0
3
1
0
1
6
363
0
4
0
0
3
0
1
3
2
2
92
1
3
11
11
0
0
31
57
2
0
2
0
0
0
1
0
0
1
4
0
1
2404
2394
0
0
0
0
0
0
1
44
0
1
0
0
747
747
8308
76
2
2
3
0
49
36
3
3
0
0
0
1
39
0
5
0
7
0
2
0
0
38
31
0
3
1
0
38
0
41
6
12
12
4
12
0
1
0
3
0
0
9
3
73
6
0
4
27
157
0
0
12
3
2
1
1971
4
55
8
23
0
3
1
2
309
0
0
0
21
62
0
1
0
0
56
0
0
5
8
1
5
3
1
1
0
1
0
0
0
2
5
14
14
1
9
9
1
8
1
0
6
0
4
0
0
0
0
1
4
3
1
34
33
3
2
0
0
0
0
0
2
0
0
5
0
1
9
2
0
1
13
0
1
70
0
0
10
1
0
5
1
1
0
2
0
1
12
0
2
0
0
0
0
0
0
0
7
0
1
0
2
0
0
0
4
0
0
0
5
0
5
2
0
67
1
15
0
0
5
0
0
0
0
0
5
1
0
0
0
0
0
0
0
17
0
0
0
1
0
0
0
0
0
0
0
0
7
0
1
1
0
0
0
1
0
1
8
0
0
1
1
0
1
0
25
119
11
3
1
0
0
1
0
0
0
0
0
1
0
5
0
0
2
0
0
1
1
0
1
0
0
0
1
2
6
0
0
0
4
0
0
0
0
0
0
0
4
6
0
1
0
0
0
0
0
0
0
0
209
239
217
2
0
23
1
3
0
0
0
0
0
0
0
1
0
1
0
0
0
0
0
0
12
0
0
0
0
0
2
9
0
1
1
0
0
2
0
0
0
2
0
0
0
0
1
0
5
4
0
0
3
1
0
10
3
1
1
7
2
0
0
0
1
26
67
6
2
0
0
0
0
0
0
384
0
0
46
46
0
0
0
0
0
9
2
0
0
2
1
0
0
0
0
0
0
3
0
1
1
2
1
1
3
0
0
7
93
93
7
7
4
1
17
2
352
17
0
27
5
0
0
0
0
4
0
55
2
0
0
0
2396
3
36
7
5
0
0
4
0
26
0
7
2
9
2
5
0
2
0
0
0
0
0
0
3
0
5
0
0
0
0
0
2
0
1
0
0
0
0
11
0
0
0
0
2
4
4
1
1
0
4
0
0
4
47
55
53
0
0
0
3
3
28
28
30
1
0
1
0
1
2
1
1
3
9
1
3
1
0
0
0
0
0
17
0
1
0
0
0
3
0
2
2
38
20
24
0
3
2
0
0
1
0
1
2
1
0
1
0
0
0
1
1
0
0
0
3
0
0
6
0
0
1
3
0
0
0
0
7
4
0
4
0
2
9
0
0
0
0
0
0
4
0
0
1
1
0
9
2
0
0
0
0
1
0
0
0
0
0
0
0
0
1
0
0
0
0
0
0
1
0
0
0
0
0
0
1
2
1
0
0
0
0
0
0
0
0
0
0
0
0
0
10
0
0
1
2
2
0
0
0
0
0
2
2
5
15
0
0
0
0
2
1
0
0
7
0
1
0
0
0
0
2
0
0
0
0
0
0
2
3
0
0
3
0
0
3
0
16
0
0
0
0
0
0
0
8
1
62
3
4
15
3
0
8
0
0
0
2
1
3
0
0
4
0
2
9
0
0
0
0
0
53
53
17
17
0
0
0
0
0
0
0
1
0
0
0
0
0
1
6
5
0
9
1
2
0
0
0
2
2
1
2
0
3
3
1261
1261
0
0
0
0
0
1
0
11
2
0
0
1
0
0
57
0
0
0
0
0
0
1
1
1
0
4
4
0
0
1
0
2
6
6
0
0
377
375
0
0
3
0
0
0
0
0
0
1
0
0
0
0
0
1
0
0
0
0
0
3
0
6
0
8
0
0
71
0
1016
0
6
6
0
0
0
0
1
0
0
0
1
2
0
0
1
11
2
2
0
0
1
2
6
3
10
0
0
2
15
2
0
1
0
0
0
0
0
2
0
3
0
2
0
0
4
0
0
2
0
32
0
0
49
0
0
0
0
0
0
0
1
0
71
0
0
0
0
1
1
0
2
24
0
0
0
0
60
60
7
5
0
0
0
0
0
0
0
11
0
2
0
0
0
12
5
0
11
2
8
2
0
0
1
1
33
32
7
0
0
0
1
1
23
0
5
0
9
4
0
1
2
0
6
0
0
0
0
0
0
0
0
1
1
0
0
0
1
0
5
1
0
0
0
0
0
0
7
6
6
0
0
374
0
1
25
0
2
0
7
0
2
0
7
0
0
203
193
0
0
2
2
2
0
0
0
3
3
2
2
0
5
11
1
0
7
0
0
0
3
0
24
24
16460
86
86
0
2
2
3
0
0
0
0
1
0
0
0
3
0
0
2
2
0
8
7
0
0
0
0
0
0
0
0
0
12
1
2
0
0
0
3
0
0
0
0
0
0
0
0
0
0
1
1
0
0
1
0
0
3
0
0
0
0
0
0
18
6
6
6
6
1
0
29
1
0
0
0
0
1
0
0
1
0
0
0
1
1
2
0
0
0
0
0
0
0
1
0
0
0
0
1
1
1
0
0
0
0
2
0
2
0
4
8
9
0
1
0
6
1
0
0
0
9
0
1
1
0
0
2
0
0
15
14
2
0
2
0
2
0
0
0
4
0
0
0
2
0
0
6
1
10
0
0
0
3
105
6
1
0
9
1
2
0
1
5
2
0
1
3
2
2
0
0
0
0
0
0
0
4
0
2
3
1
0
0
3
0
1
1
0
0
0
0
0
2
0
7
2
1
5
3
0
3
9
0
0
0
0
0
2
1
0
1
0
5
0
158
2
3
1
1
0
43
0
0
4
0
98
0
1
0
0
0
0
0
0
0
0
0
3
1
2
0
28
0
1
0
0
5
0
2
2
0
0
0
0
1
2
1
0
0
1
0
5
5
0
0
0
1
442
2
1
1
48
2
11
0
0
2
7
2
4
0
95
92
4
0
0
530
177
0
2
9
3
8
0
4
0
0
0
0
0
0
0
0
0
17
0
0
6
0
0
0
0
2
2
1
0
5
0
0
0
0
14
0
0
0
3
0
0
0
0
0
0
1
0
0
0
0
77
0
0
0
0
4
1
1
0
0
2
0
0
0
0
0
0
7
0
8
0
0
0
0
0
0
1
0
1
1
0
16
0
0
1
0
0
1
0
0
0
0
5
0
0
0
0
0
1
0
1
1
0
0
0
0
5
2
8
2
1
1
1
0
0
0
4
1
7
0
0
0
0
1
0
0
0
0
1
0
0
0
0
3
3
3
0
0
0
0
0
0
1
0
2
0
3
4
10
6
0
1
0
0
0
3
4
4
0
0
0
0
1
0
0
0
0
0
5
0
0
1
16
0
1
3
1
0
0
0
6
0
0
1
1
4
3
0
3
0
5
0
6
0
0
0
0
0
0
0
0
0
0
0
1
0
17
0
0
1
0
2
0
0
0
0
0
1
0
1
1
12
1
0
0
0
17
2
6
2
0
0
0
0
0
1
0
0
0
0
4
0
0
1
0
4
5
4
0
0
0
0
24
24
0
0
0
0
1
0
0
0
0
0
5
0
0
35
6
0
1
2
0
0
0
0
1
1
1
0
0
1
3
0
0
0
0
0
5
1
9
9
0
3
10
21
0
2
0
0
0
0
0
8
0
0
0
0
4
0
6
0
0
0
0
0
0
0
8
0
2
1
0
0
10
0
16
0
0
0
0
14
0
0
0
0
1
0
0
0
0
0
6
4
1
1
1
5
0
17
1
0
0
0
0
0
0
0
0
1
0
0
2
0
0
1
0
0
0
1
0
19
12
1
0
0
1
0
1
1
1
0
1
3
14
10
0
0
5
6
0
0
0
0
0
1
0
0
2
0
0
0
0
1
0
5
5
3
0
0
0
0
0
0
1
1
10
9
8
0
1
1
0
2
0
8
0
0
0
1
0
0
0
0
1
1
0
0
0
0
0
0
0
0
0
2
0
0
0
0
0
0
0
0
3
0
1
0
0
2
0
0
1
0
0
0
0
1
5
3
0
0
0
0
381
381
1
1
1
0
0
0
0
0
0
0
0
0
0
0
3
0
1
0
0
12
12
12
0
0
36
0
4
14
0
0
2
0
0
8
9
2
5
1
0
0
0
0
0
0
0
0
0
0
0
0
0
0
0
0
2
0
1
1
0
0
0
13
11
3
0
0
0
1
0
1
0
0
0
0
1
0
0
1
0
0
0
2
33
0
0
0
0
0
0
1
0
0
69
0
0
0
3
0
0
0
1
0
2
0
0
0
15
0
0
0
0
0
2
2
0
0
0
0
0
0
0
0
0
0
1
1
0
2
0
0
2
0
0
0
0
0
0
0
0
0
0
0
0
0
0
0
0
0
0
3
0
1
7
3
0
0
0
0
8
0
7
0
6
0
0
0
0
0
0
0
0
0
0
0
0
0
0
0
0
0
0
0
1
0
0
0
0
0
1
0
0
0
0
0
0
0
0
0
0
0
0
0
54
0
1
0
0
0
0
0
0
0
0
0
0
0
0
0
0
0
0
0
0
0
0
0
1
1
0
0
1
0
0
0
1
0
2
1
1
0
0
0
0
0
0
0
0
2
1
0
22
0
0
0
0
0
0
4
25
0
2
1
0
0
1
7
0
8
0
2
0
1
0
0
12
3
12
406
405
0
0
3
3
1
0
1
0
0
0
0
0
0
1
1
0
0
0
3
0
0
0
0
0
0
2
11
33
33
0
0
3
3
0
2
0
0
1
0
0
0
0
1
2
0
3
0
0
0
0
0
0
0
0
0
0
0
1
3
0
18
0
0
57
0
0
0
0
0
0
2
0
0
1
1
1
0
0
0
4
4
1
0
1
3
6
1
0
0
0
2
0
0
0
0
0
0
0
1
0
1
0
0
0
0
3
0
0
1
0
0
4
0
0
8
0
4
4
0
13
1
15
1089
13
413
0
298
0
3
0
0
0
0
1
0
0
0
0
0
1
0
0
0
0
0
0
0
3
4
0
9
0
0
0
0
0
1
1
1
1
0
0
0
1
0
1
0
0
0
0
0
0
0
1
0
0
0
0
1
0
1
36
0
0
0
0
0
0
0
1
0
0
1
0
0
0
6
6
0
0
0
0
0
0
0
0
0
0
0
0
0
4
0
0
1
1
0
0
0
0
0
0
0
0
1
0
0
0
0
0
0
1
0
0
0
1
0
0
0
0
0
0
8
5
11
11
20
1
3
0
2
0
0
3
0
1
1
0
0
1
1
85
15
1028
1021
0
1
3
0
0
0
0
2
1178
1
1
7
16
3
0
0
0
0
0
0
0
0
0
7
6
27
27
5
5
0
50
50
13
0
0
2
0
0
0
0
0
0
0
0
0
0
0
0
1
1
0
1
0
1
1
0
3
0
3
1
0
1
1
1
15
7
0
0
1
4
0
0
67
0
0
0
0
0
0
2
2
0
1
0
0
0
0
0
0
0
3
0
0
0
1
0
2
2
0
1
0
0
0
0
0
0
0
0
0
0
7
0
0
0
5
0
0
2
1
0
0
0
4
0
3
0
6
0
0
0
1
1
0
0
1
1
0
23
2
0
0
0
1
0
0
0
1
1
3
0
0
0
0
0
0
0
0
0
0
0
0
0
1
0
0
0
0
0
0
1
1
0
0
0
2
0
0
0
0
0
253
117
1
37
34
0
0
0
1
1
0
0
0
0
0
1
1
0
0
2
1
0
2
0
0
0
0
0
0
0
2
0
0
0
0
0
31
39
0
0
0
0
1
0
0
0
0
4
3
2
0
0
0
0
0
0
142
140
0
0
1
1
0
0
0
1
1
0
1
1
0
0
0
0
0
1
0
0
0
0
0
0
3
3
0
2
2
66
0
0
0
0
0
0
0
2
1
1
0
1
1
1
0
1
1
3
0
0
0
0
0
0
0
0
0
31
0
2549
2548
2509
70
57
512
2
0
57
2
0
0
0
0
0
1
5
60
60
6
1
31
4
0
18
25
24
24
0
0
0
0
0
0
0
0
0
0
0
0
0
1
0
1
1
0
1
0
0
1
1
6
0
0
0
1
0
5
0
0
0
0
0
5
5
0
0
1
1
1
0
0
0
0
0
0
0
0
0
0
0
0
0
0
0
0
1
1
0
1
1
0
0
0
1
0
0
0
0
0
0
0
0
0
0
7
26
0
0
0
0
1
1
1
0
0
0
0
0
0
0
1
0
0
0
0
0
0
0
0
0
0
0
0
0
0
0
0
0
0
0
0
0
0
0
0
0
0
0
1
0
1
0
0
2
0
0
0
0
0
0
0
0
0
0
0
10
0
0
0
13
1
0
0
0
0
0
2
0
0
0
0
3
1
3
6
6
0
4
0
0
0
0
0
1
0
0
0
0
0
0
0
0
0
0
0
0
4
4
0
0
0
0
0
0
0
0
0
0
1
1
1
1
16
1
0
0
0
0
0
0
0
0
0
0
0
1
1
0
68
0
0
3
3
0
13
1
0
0
0
0
1
0
0
0
0
0
0
2
4
0
3686
3686
6
2
10
10
2
0
0
0
0
0
0
4
15
6
16
1
20
3
1
6
5
4
0
42
0
0
1
0
0
0
0
0
0
2
0
0
1
0
0
0
0
6
0
0
0
0
6
33
32
1
1
0
4
1
7
9
0
0
0
0
0
0
0
0
2
0
0
0
0
0
0
0
0
0
0
0
6
1
1
0
0
0
1
0
0
0
1
1
1
0
0
0
0
2
0
0
0
0
0
0
0
0
2
2
0
1
0
0
1
0
0
0
0
0
0
0
1
1
0
0
0
10
2
0
0
0
0
1
0
0
0
0
0
0
0
0
0
0
0
0
0
0
0
1
1
0
7
0
1
1
0
0
1
0
0
0
0
0
0
0
1
0
0
0
0
0
0
0
5
0
0
0
0
0
0
0
0
0
0
0
0
0
0
0
0
0
0
0
16
0
1
0
0
0
0
0
1
0
3
0
0
2
1
3
21
21
0
0
0
0
0
1
0
0
1
1
0
0
0
1
0
0
0
1
1
0
0
0
0
1
0
1
0
0
0
1
69
1
0
0
7
8
4
0
11
0
57
0
0
2
2
0
74
70
2
56
0
0
0
0
0
2
0
0
0
0
0
0
1
1
0
0
0
0
0
2
0
0
0
11
0
0
0
0
0
0
0
3
0
0
0
0
0
168
77
0
0
61
1
1
0
0
6
0
0
0
0
0
0
0
0
0
0
0
0
0
0
0
0
0
0
0
0
0
0
0
0
0
1
1
0
0
0
0
0
0
0
0
0
0
0
0
0
0
0
0
0
0
0
0
0
0
0
0
0
0
0
0
0
0
0
0
0
0
0
0
0
0
0
0
0
0
0
0
0
0
0
0
0
0
0
0
0
0
0
0
0
0
0
0
0
0
0
0
0
0
0
0
0
0
0
0
5
4
0
0
0
2
0
0
0
0
0
0
0
0
0
0
0
0
0
0
0
0
0
0
0
0
0
0
0
0
0
0
0
0
0
0
0
0
0
0
0
0
0
0
0
0
0
0
0
0
0
0
0
0
0
0
0
0
5
0
0
0
0
0
0
0
0
0
0
0
0
0
2
0
0
0
0
0
0
0
0
0
0
0
0
0
0
0
0
0
0
0
0
1
1
0
0
0
0
0
0
0
0
0
0
0
0
0
0
0
0
0
0
0
0
0
0
0
0
0
0
0
0
0
0
0
2
0
0
0
0
0
0
0
0
0
0
0
4
0
0
0
0
0
0
0
0
0
0
0
0
0
0
0
0
0
0
0
0
0
0
0
0
0
0
0
0
0
0
0
0
0
0
0
0
0
0
0
3
0
0
0
0
0
0
0
0
4
0
0
0
0
0
0
0
0
0
0
0
0
0
0
0
0
4
0
0
0
0
0
0
4
0
0
0
0
0
0
0
0
0
0
0
0
0
0
0
0
0
0
0
0
0
0
0
0
0
0
0
0
0
0
0
0
0
0
0
1
3
1
0
0
0
0
0
13
0
0
0
0
0
0
0
0
0
0
0
0
0
0
0
5
0
0
2
1
0
1
0
0
0
0
0
0
0
0
0
0
0
0
0
0
0
0
0
0
0
0
0
0
0
0
0
0
0
0
0
0
0
0
0
0
0
0
0
0
0
2
0
0
3
3
0
0
0
0
9
0
0
0
0
0
1
0
0
0
0
0
0
0
0
0
0
2
0
3
2
0
0
0
0
3
1
0
0
0
0
0
0
0
0
0
0
0
0
0
0
0
0
0
0
0
0
0
0
0
0
0
0
0
0
0
0
0
10
7
0
0
0
0
0
0
0
0
0
0
0
0
0
0
0
0
0
0
0
0
0
0
0
0
0
0
0
0
0
0
0
0
0
0
0
0
0
0
0
0
0
0
0
0
0
0
0
0
0
0
18
0
0
0
0
0
0
0
0
0
0
0
0
0
0
0
0
0
0
0
0
0
0
0
0
0
0
0
0
0
0
0
0
0
0
0
0
0
0
0
0
0
0
0
0
0
0
0
0
0
0
0
0
0
0
0
0
0
0
0
0
0
0
0
0
0
0
0
7
0
0
0
0
0
6
0
0
0
0
0
0
0
0
0
0
0
0
0
0
0
0
0
0
5
5
0
0
0
0
0
0
0
0
0
0
0
0
0
0
0
0
0
0
0
0
0
0
0
10
0
0
0
0
0
0
